image_width: 640
image_height: 480
camera_name: camera
camera_matrix:
  rows: 3
  cols: 3
  data: [538.9863478438378, 0, 328.326117302372, 0, 539.0749475096734, 209.4122266512357, 0, 0, 1]
distortion_model: plumb_bob
distortion_coefficients:
  rows: 1
  cols: 5
  data: [0.06843722986120428, -0.1229275646593768, -0.01015740867557202, 0.00886817786361772, 0]
rectification_matrix:
  rows: 3
  cols: 3
  data: [1, 0, 0, 0, 1, 0, 0, 0, 1]
projection_matrix:
  rows: 3
  cols: 4
  data: [545.216552734375, 0, 334.0358778988448, 0, 0, 546.4058837890625, 204.9685969587626, 0, 0, 0, 1, 0]