image_width: 640
image_height: 480
camera_name: camera
camera_matrix:
  rows: 3
  cols: 3
  data: [207.8716804006916, 0, 299.8568792901805, 0, 320, 240, 0, 0, 1]
distortion_model: plumb_bob
distortion_coefficients:
  rows: 1
  cols: 5
  data: [0.09676924548777012, -0.07126724228842106, 0.00217932362306793, -0.01110483911338884, 0]
rectification_matrix:
  rows: 3
  cols: 3
  data: [1, 0, 0, 0, 1, 0, 0, 0, 1]
projection_matrix:
  rows: 3
  cols: 4
  data: [208, 0, 320, 0, 0, 300, 240, 0, 0, 0, 1, 0]
